MHMLBDOC_03091	Cry19Ca1	98.8	1155	14	0	1	1155	1	1155	0.0e+00	2322.7
MHMLBDOC_00161	Cry43Cb1	38.7	656	372	15	1	634	1	648	2.6e-123	436.0
MHMLBDOC_02872	Cry53Ab1	39.4	687	376	15	1	667	1	667	8.4e-124	437.6
MHMLBDOC_02999	Cry19Ca1	38.5	592	318	17	26	599	73	636	6.9e-96	344.7
MHMLBDOC_02861	Cry27Aa1	79.1	697	138	3	1	692	1	694	0.0e+00	1130.5
MHMLBDOC_03051	Cry4Ca1	36.3	689	364	26	1	660	1	643	1.2e-85	310.8
MHMLBDOC_00200	Cry56Aa4	54.1	671	285	8	1	658	1	661	1.4e-192	666.0
MHMLBDOC_00083	Cry56Aa2	54.9	647	276	7	1	638	1	640	2.3e-187	648.7
MHMLBDOC_00056	Cry70Bb1	65.6	700	224	7	1	686	42	738	1.2e-266	912.1
MHMLBDOC_00056	Cry70Bb1	65.6	93	28	1	1	93	720	808	4.6e-28	116.7
